255 255 255 255 255 255 255 255 255 255 255 255 255 255 255 255
255 255 255 255 255 255 255   1 255 255 255 255 255   1   1 255
255 255 255 255 255 255 255   1 255 255 255 255 255   1   1 255
255 255 255 255 255 255 255 255 255 255 255 255 255 255 255 255
255 255 255 255   1 255 255 255 255 255 255   1 255 255 255 255
255 255 255   0   1   0   0 255 255 255 255 255 255 255 255 255
255 255 255   1   1   1   1 255 255 255 255 255 255 255 255 255
255   1   1   1   1   1   1   1 255 255 255 255 255 255 255 255
255 255 255   1   1   1   1 255 255 255 255   1 255 255 255 255
255 255 255 255   1 255 255 255 255   1   1   1   1 255 255 255
255 255 255 255   0 255 255 255 255   1   1   1   1 255 255 255
255 255 255 255 255 255 255 255   1   1   1   1   1   1   1 255
255 255 255   1 255 255 255 255 255   1   1   1   1 255 255 255
255 255 255 255 255   0   1 255 255 255 255   1 255 255 255 255
255 255 255 255 255   0   1 255 255 255 255   1 255 255 255 255
255 255 255 255 255 255 255 255 255 255 255 255 255 255 255 255
255 255 255 255 255 255 255 255 255 255 255 255 255 255 255 255
255 255 255 255 255 255 255   1 255 255 255 255 255   1   1 255
255 255 255 255 255 255 255   1 255 255 255 255 255   1   1 255
255 255 255 255 255 255 255 255 255 255 255 255 255 255 255 255
255 255 255 255   1 255 255 255 255 255 255   1 255 255 255 255
255 255 255   0   1   0   0 255 255 255 255 255 255 255 255 255
255 255 255   1   1   1   1 255 255 255 255 255 255 255 255 255
255   1   1   1   1   1   1   1 255 255 255 255 255 255 255 255
255 255 255   1   1   1   1 255 255 255 255   1 255 255 255 255
255 255 255 255   1 255 255 255 255   1   1   1   1 255 255 255
255 255 255 255   0 255 255 255 255   1   1   1   1 255 255 255
255 255 255 255 255 255 255 255   1   1   1   1   1   1   1 255
255 255 255   1 255 255 255 255 255   1   1   1   1 255 255 255
255 255 255 255 255   0   1 255 255 255 255   1 255 255 255 255
255 255 255 255 255   0   1 255 255 255 255   1 255 255 255 255
255 255 255 255 255 255 255 255 255 255 255 255 255 255 255 255
255 255 255 255 255 255 255 255 255 255 255 255 255 255 255 255
255 255 255 255 255 255 255   1 255 255 255 255 255   1   1 255
255 255 255 255 255 255 255   1 255 255 255 255 255   1   1 255
255 255 255 255 255 255 255 255 255 255 255 255 255 255 255 255
255 255 255 255   1 255 255 255 255 255 255   1 255 255 255 255
255 255 255   0   1   0   0 255 255 255 255 255 255 255 255 255
255 255 255   1   1   1   1 255 255 255 255 255 255 255 255 255
255   1   1   1   1   1   1   1 255 255 255 255 255 255 255 255
255 255 255   1   1   1   1 255 255 255 255   1 255 255 255 255
255 255 255 255   1 255 255 255 255   1   1   1   1 255 255 255
255 255 255 255   0 255 255 255 255   1   1   1   1 255 255 255
255 255 255 255 255 255 255 255   1   1   1   1   1   1   1 255
255 255 255   1 255 255 255 255 255   1   1   1   1 255 255 255
255 255 255 255 255   0   1 255 255 255 255   1 255 255 255 255
255 255 255 255 255   0   1 255 255 255 255   1 255 255 255 255
255 255 255 255 255 255 255 255 255 255 255 255 255 255 255 255

252 235 242 253 255 255 255 255 255 255 246 234 245 254 255 255
235 126 171 244 255 255 255 255 253 241 181 104 176 244 254 255
242 171 201 248 254 254 255 255 239 177  87  35  89 183 244 254
253 244 248 224 191 228 252 234 172  83  13   5  19  89 176 245
255 255 254 191 116 197 248 209 105  33   2   1   5  35 104 234
255 255 254 228 197 230 252 235 175  80   5   2  13  87 181 246
255 252 253 253 251 253 253 251 235 170  80  33  83 177 241 255
248 210 226 251 255 254 228 215 236 235 175 105 172 239 253 255
237 138 179 245 251 233 157 120 189 238 235 209 232 241 234 251
243 177 204 247 235 153  69  43 101 187 248 251 245 191 156 240
255 253 253 227 169  56   6   2  23 101 198 246 245 175 131 235
255 255 254 191  89  21   2   1   9  41 124 227 229 221 231 251
255 255 254 225 165  62  12   6  29 102 193 221 162 175 245 255
255 255 255 254 239 160  75  46 108 194 253 234 175 186 246 255
255 255 255 255 253 241 161 121 195 245 255 252 245 246 254 255
255 255 255 255 255 255 243 237 248 255 255 255 255 255 255 255
252 235 242 253 255 255 255 255 255 255 246 234 245 254 255 255
235 126 171 244 255 255 255 255 253 241 181 104 176 244 254 255
242 171 201 248 254 254 255 255 239 177  87  35  89 183 244 254
253 244 248 224 191 228 252 234 172  83  13   5  19  89 176 245
255 255 254 191 116 197 248 209 105  33   2   1   5  35 104 234
255 255 254 228 197 230 252 235 175  80   5   2  13  87 181 246
255 252 253 253 251 253 253 251 235 170  80  33  83 177 241 255
248 210 226 251 255 254 228 215 236 235 175 105 172 239 253 255
237 138 179 245 251 233 157 120 189 238 235 209 232 241 234 251
243 177 204 247 235 153  69  43 101 187 248 251 245 191 156 240
255 253 253 227 169  56   6   2  23 101 198 246 245 175 131 235
255 255 254 191  89  21   2   1   9  41 124 227 229 221 231 251
255 255 254 225 165  62  12   6  29 102 193 221 162 175 245 255
255 255 255 254 239 160  75  46 108 194 253 234 175 186 246 255
255 255 255 255 253 241 161 121 195 245 255 252 245 246 254 255
255 255 255 255 255 255 243 237 248 255 255 255 255 255 255 255
252 235 242 253 255 255 255 255 255 255 246 234 245 254 255 255
235 126 171 244 255 255 255 255 253 241 181 104 176 244 254 255
242 171 201 248 254 254 255 255 239 177  87  35  89 183 244 254
253 244 248 224 191 228 252 234 172  83  13   5  19  89 176 245
255 255 254 191 116 197 248 209 105  33   2   1   5  35 104 234
255 255 254 228 197 230 252 235 175  80   5   2  13  87 181 246
255 252 253 253 251 253 253 251 235 170  80  33  83 177 241 255
248 210 226 251 255 254 228 215 236 235 175 105 172 239 253 255
237 138 179 245 251 233 157 120 189 238 235 209 232 241 234 251
243 177 204 247 235 153  69  43 101 187 248 251 245 191 156 240
255 253 253 227 169  56   6   2  23 101 198 246 245 175 131 235
255 255 254 191  89  21   2   1   9  41 124 227 229 221 231 251
255 255 254 225 165  62  12   6  29 102 193 221 162 175 245 255
255 255 255 254 239 160  75  46 108 194 253 234 175 186 246 255
255 255 255 255 253 241 161 121 195 245 255 252 245 246 254 255
255 255 255 255 255 255 243 237 248 255 255 255 255 255 255 255

255 255 254 245 234 246 255 255 251 240 235 251 255 255 255 255
255 254 244 176 104 181 241 253 234 156 131 231 245 246 254 255
254 244 183  89  35  87 177 239 241 191 175 221 175 186 246 255
245 176  89  19   5  13  83 172 232 245 245 229 162 175 245 255
234 104  35   5   1   2  33 105 209 251 246 227 221 234 252 255
246 181  87  13   2   5  80 175 235 248 198 124 193 253 255 255
255 241 177  83  33  80 170 235 238 187 101  41 102 194 245 255
255 253 239 172 105 175 235 236 189 101  23   9  29 108 195 248
255 255 255 234 209 235 251 215 120  43   2   1   6  46 121 237
255 255 255 252 248 252 253 228 157  69   6   2  12  75 161 243
255 255 254 228 197 230 253 254 233 153  56  21  62 160 241 255
255 255 254 191 116 197 251 255 251 235 169  89 165 239 253 255
253 244 248 224 191 228 253 251 245 247 227 191 225 254 255 255
242 171 201 248 254 254 253 226 179 204 253 254 254 255 255 255
235 126 171 244 255 255 252 210 138 177 253 255 255 255 255 255
252 235 242 253 255 255 255 248 237 243 255 255 255 255 255 255
255 255 254 245 234 246 255 255 251 240 235 251 255 255 255 255
255 254 244 176 104 181 241 253 234 156 131 231 245 246 254 255
254 244 183  89  35  87 177 239 241 191 175 221 175 186 246 255
245 176  89  19   5  13  83 172 232 245 245 229 162 175 245 255
234 104  35   5   1   2  33 105 209 251 246 227 221 234 252 255
246 181  87  13   2   5  80 175 235 248 198 124 193 253 255 255
255 241 177  83  33  80 170 235 238 187 101  41 102 194 245 255
255 253 239 172 105 175 235 236 189 101  23   9  29 108 195 248
255 255 255 234 209 235 251 215 120  43   2   1   6  46 121 237
255 255 255 252 248 252 253 228 157  69   6   2  12  75 161 243
255 255 254 228 197 230 253 254 233 153  56  21  62 160 241 255
255 255 254 191 116 197 251 255 251 235 169  89 165 239 253 255
253 244 248 224 191 228 253 251 245 247 227 191 225 254 255 255
242 171 201 248 254 254 253 226 179 204 253 254 254 255 255 255
235 126 171 244 255 255 252 210 138 177 253 255 255 255 255 255
252 235 242 253 255 255 255 248 237 243 255 255 255 255 255 255
255 255 254 245 234 246 255 255 251 240 235 251 255 255 255 255
255 254 244 176 104 181 241 253 234 156 131 231 245 246 254 255
254 244 183  89  35  87 177 239 241 191 175 221 175 186 246 255
245 176  89  19   5  13  83 172 232 245 245 229 162 175 245 255
234 104  35   5   1   2  33 105 209 251 246 227 221 234 252 255
246 181  87  13   2   5  80 175 235 248 198 124 193 253 255 255
255 241 177  83  33  80 170 235 238 187 101  41 102 194 245 255
255 253 239 172 105 175 235 236 189 101  23   9  29 108 195 248
255 255 255 234 209 235 251 215 120  43   2   1   6  46 121 237
255 255 255 252 248 252 253 228 157  69   6   2  12  75 161 243
255 255 254 228 197 230 253 254 233 153  56  21  62 160 241 255
255 255 254 191 116 197 251 255 251 235 169  89 165 239 253 255
253 244 248 224 191 228 253 251 245 247 227 191 225 254 255 255
242 171 201 248 254 254 253 226 179 204 253 254 254 255 255 255
235 126 171 244 255 255 252 210 138 177 253 255 255 255 255 255
252 235 242 253 255 255 255 248 237 243 255 255 255 255 255 255

255 255 255 255 255 255 255 248 237 243 255 255 255 255 255 255
255 254 246 245 252 255 245 195 121 161 241 253 255 255 255 255
255 246 186 175 234 253 194 108  46  75 160 239 254 255 255 255
255 245 175 162 221 193 102  29   6  12  62 165 225 254 255 255
251 231 221 229 227 124  41   9   1   2  21  89 191 254 255 255
235 131 175 245 246 198 101  23   2   6  56 169 227 253 253 255
240 156 191 245 251 248 187 101  43  69 153 235 247 204 177 243
251 234 241 232 209 235 238 189 120 157 233 251 245 179 138 237
255 253 239 172 105 175 235 236 215 228 254 255 251 226 210 248
255 241 177  83  33  80 170 235 251 253 253 251 253 253 252 255
246 181  87  13   2   5  80 175 235 252 230 197 228 254 255 255
234 104  35   5   1   2  33 105 209 248 197 116 191 254 255 255
245 176  89  19   5  13  83 172 234 252 228 191 224 248 244 253
254 244 183  89  35  87 177 239 255 255 254 254 248 201 171 242
255 254 244 176 104 181 241 253 255 255 255 255 244 171 126 235
255 255 254 245 234 246 255 255 255 255 255 255 253 242 235 252
255 255 255 255 255 255 255 248 237 243 255 255 255 255 255 255
255 254 246 245 252 255 245 195 121 161 241 253 255 255 255 255
255 246 186 175 234 253 194 108  46  75 160 239 254 255 255 255
255 245 175 162 221 193 102  29   6  12  62 165 225 254 255 255
251 231 221 229 227 124  41   9   1   2  21  89 191 254 255 255
235 131 175 245 246 198 101  23   2   6  56 169 227 253 253 255
240 156 191 245 251 248 187 101  43  69 153 235 247 204 177 243
251 234 241 232 209 235 238 189 120 157 233 251 245 179 138 237
255 253 239 172 105 175 235 236 215 228 254 255 251 226 210 248
255 241 177  83  33  80 170 235 251 253 253 251 253 253 252 255
246 181  87  13   2   5  80 175 235 252 230 197 228 254 255 255
234 104  35   5   1   2  33 105 209 248 197 116 191 254 255 255
245 176  89  19   5  13  83 172 234 252 228 191 224 248 244 253
254 244 183  89  35  87 177 239 255 255 254 254 248 201 171 242
255 254 244 176 104 181 241 253 255 255 255 255 244 171 126 235
255 255 254 245 234 246 255 255 255 255 255 255 253 242 235 252
255 255 255 255 255 255 255 248 237 243 255 255 255 255 255 255
255 254 246 245 252 255 245 195 121 161 241 253 255 255 255 255
255 246 186 175 234 253 194 108  46  75 160 239 254 255 255 255
255 245 175 162 221 193 102  29   6  12  62 165 225 254 255 255
251 231 221 229 227 124  41   9   1   2  21  89 191 254 255 255
235 131 175 245 246 198 101  23   2   6  56 169 227 253 253 255
240 156 191 245 251 248 187 101  43  69 153 235 247 204 177 243
251 234 241 232 209 235 238 189 120 157 233 251 245 179 138 237
255 253 239 172 105 175 235 236 215 228 254 255 251 226 210 248
255 241 177  83  33  80 170 235 251 253 253 251 253 253 252 255
246 181  87  13   2   5  80 175 235 252 230 197 228 254 255 255
234 104  35   5   1   2  33 105 209 248 197 116 191 254 255 255
245 176  89  19   5  13  83 172 234 252 228 191 224 248 244 253
254 244 183  89  35  87 177 239 255 255 254 254 248 201 171 242
255 254 244 176 104 181 241 253 255 255 255 255 244 171 126 235
255 255 254 245 234 246 255 255 255 255 255 255 253 242 235 252
